fsi_weights::
# criterium var  instr   lata     latb    lev/chn (low/hi)    weight 
   c001      t    133       30.0     70.0    500.0     0.0        1.1
   c002      t    120      -90.0     90.0    900.0   150.0        0.9
   c002      t    120      -90.0     90.0    151.0     0.0        1.0
   c003    wnd    220      -90.0     90.0    900.0    10.0        0.9
   c005      q    120      -90.0     90.0    900.0    10.0        0.9
   c006    spd    220      -90.0     90.0    900.0    10.0        0.9
   c007    gps   9999      -90.0     90.0    900.0    10.0        1.1
   c008    rad   9999      -90.0     90.0   2000.0     0.0        1.1
   c009    wnd    242      -90.0     90.0    900.0    10.0        0.9
   c011    wnd    243      -90.0     90.0    900.0    10.0        0.9
   c012    wnd    244      -90.0     90.0    900.0    10.0        0.9
   c013    wnd    245      -90.0     90.0    900.0    10.0        0.9
   c014    wnd    246      -90.0     90.0    900.0    10.0        0.9
   c015    wnd    247      -90.0     90.0    900.0    10.0        0.9
   c016    wnd    250      -90.0     90.0    900.0    10.0        0.9
   c017    wnd    251      -90.0     90.0    900.0    10.0        0.9
   c018    wnd    252      -90.0     90.0    900.0    10.0        0.9
   c019    wnd    253      -90.0     90.0    900.0    10.0        0.9
   c020    wnd    254      -90.0     90.0    900.0    10.0        0.9
   c021    wnd    257      -90.0     90.0    900.0    10.0        0.9
   c022    wnd    258      -90.0     90.0    900.0    10.0        0.9
   c023    wnd    259      -90.0     90.0    900.0    10.0        0.9
   c999    all   9999      -40.0     20.0   2000.0     0.0        1.1
::
